48
4
24 38 21 32
79 59 44 21
80 69 39 93
48 16 97 76
50 18 4 84
92 88 24 62
42 1 22 46
72 94 56 38
34 88 98 99
9 90 46 40
27 86 83 12
1 48 48 85
35 46 60 64
80 72 20 78
96 41 74 62
39 93 11 47
52 3 20 49
1 38 14 28
31 46 25 25
81 34 56 86
13 42 20 85
25 32 89 24
100 37 41 35
74 50 9 66
8 48 45 36
42 88 65 47
15 34 31 46
68 72 92 53
39 3 17 51
57 43 31 49
49 16 32 2
70 86 49 11
77 100 21 41
51 85 94 87
70 39 6 2
10 34 99 60
79 32 3 16
1 24 92 86
64 19 44 57
70 97 80 29
45 23 6 67
39 82 66 20
67 98 46 84
68 99 67 11
55 30 23 5
45 79 94 80
97 77 49 40
48 53 5 74
80 85 78 24
